#!/bin/sh
#set -ax
#
#  Make namelist
#
namfile=namelist.@SCRIPT@
#
if [ @MODEL@ = smp ] ; then
  if [ @SMP_OBS@ = arms18 ] ; then
    model_sig="0.028,0.052,0.052,0.052,0.052,0.052,0.052,0.052,0.052,0.052,0.052,0.052,0.052,0.052,0.052,0.052,0.052,0.145"
  elif [ @SMP_OBS@ = arms38 ] ; then
    model_sig="0.027,0.026,0.026,0.026,0.026,0.026,0.026,0.026,0.026,0.026,0.026,0.026,0.026,0.026,0.026,0.026,0.026,0.026,0.026,0.026,0.026,0.026,0.026,0.026,0.026,0.026,0.026,0.026,0.026,0.026,0.026,0.026,0.026,0.026,0.026,0.026,0.026,0.054"
  elif [ @SMP_OBS@ = gate19 ] ; then
    model_sig="0.043,0.048,0.054,0.060,0.065,0.068,0.070,0.069,0.066,0.062,0.056,0.050,0.044,0.039,0.033,0.028,0.024,0.020,0.101"
  elif [ @SMP_OBS@ = toga40 ] ; then
    model_sig="0.018,0.025,0.025,0.025,0.025,0.025,0.025,0.025,0.025,0.025,0.025,0.025,0.025,0.025,0.025,0.025,0.025,0.025,0.025,0.025,0.025,0.025,0.025,0.025,0.025,0.025,0.025,0.025,0.025,0.025,0.025,0.025,0.025,0.025,0.025,0.025,0.025,0.025,0.025,0.037"
  elif [ @SMP_OBS@ = trmm37 ] ; then
    model_sig="0.022,0.025,0.025,0.025,0.025,0.025,0.025,0.025,0.025,0.025,0.025,0.025,0.025,0.025,0.025,0.025,0.025,0.025,0.025,0.025,0.025,0.025,0.025,0.025,0.025,0.025,0.025,0.025,0.025,0.025,0.025,0.025,0.025,0.025,0.025,0.025"
  fi
else
  if [ @LEVS@ = 18 ] ; then
    model_sig="0.010,0.017,0.025,0.055,0.073,0.085,0.093,0.096,0.096,0.050,0.050,0.050,0.050,0.050,0.050,0.050,0.050,0.050"
  elif [ @LEVS@ = 19 ] ; then
    model_sig="0.043,0.048,0.054,0.060,0.065,0.068,0.070,0.069,0.066,0.062,0.056,0.050,0.044,0.039,0.033,0.028,0.024,0.020,0.101"
  elif [ @LEVS@ = 22 ] ; then
    model_sig="0.010,0.012,0.016,0.020,0.025,0.031,0.038,0.046,0.053,0.059,0.064,0.066,0.065,0.063,0.061,0.058,0.053,0.052,0.052,0.052,0.052,0.052"
  elif [ @LEVS@ = 28 ] ; then
    model_sig="0.010,0.016,0.020,0.024,0.029,0.035,0.041,0.048,0.054,0.059,0.063,0.066,0.067,0.065,0.062,0.057,0.051,0.045,0.039,0.033,0.027,0.022,0.018,0.015,0.012,0.009,0.007,0.006"
    model_hybA="0.,0.,0.,0.,900.,2300.,3900.,5500.,6900.,8200.,9300.,10100.,10600.,10900.,11100.,11100.,11100.,11100.,10900.,10400.,9600.,8400.,6700.,4900.,3400.,2200.,1300.,600.,0."
    model_hybB="1.000,0.990,0.974,0.954,0.921,0.878,0.827,0.770,0.708,0.641,0.571,0.500,0.429,0.359,0.292,0.230,0.173,0.122,0.079,0.045,0.020,0.005,0.000,0.000,0.000,0.000,0.000,0.000,0.000"
  elif [ @LEVS@ = 42 ] ; then
    model_sig="0.00803,0.00923,0.01058,0.01210,0.01380,0.01565,0.01768,0.01987,0.02220,0.02466,0.02717,0.02972,0.03223,0.03462,0.03681,0.03874,0.04030,0.04145,0.04211,0.04228,0.04191,0.04106,0.03975,0.03804,0.03600,0.03372,0.03128,0.02875,0.02620,0.02370,0.02130,0.01901,0.01689,0.01492,0.01312,0.01150,0.01005,0.00875,0.00760,0.00659,0.00571,0.00492"
    model_hybA="0.000,0.000,1.934,22.949,82.986,199.750,391.250,675.265,1068.610,1586.215,2240.051,3037.925,3982.226,5068.710,6284.476,7612.263,9020.227,10472.313,11924.286,13326.329,14625.550,15767.873,16701.271,17377.869,17756.019,17801.724,17489.420,16812.225,15812.992,14552.540,13097.874,11520.933,9897.348,8305.282,6824.375,5511.896,4361.609,3356.837,2481.735,1721.505,1062.530,492.416,0.000"
    model_hybB="1.00000000,0.99197450,0.98272560,0.97192966,0.95922528,0.94426634,0.92670039,0.90617952,0.88237470,0.85499376,0.82380243,0.78864794,0.74948356,0.70639231,0.65960709,0.60952439,0.55670866,0.50188499,0.44591905,0.38978444,0.33451989,0.28117900,0.23078383,0.18426853,0.14244900,0.10599051,0.07539334,0.05088901,0.03213383,0.01853460,0.00937715,0.00385071,0.00107227,0.00010929,0.00000000,0.00000000,0.00000000,0.00000000,0.00000000,0.00000000,0.00000000,0.00000000,0.00000000"
  elif [ @LEVS@ = 64 ] ; then
    model_sig="0.005329,0.006039,0.006832,0.007717,0.008698,0.009782,0.010972,0.012271,0.013682,0.015198,0.016817,0.018524,0.020309,0.022145,0.024008,0.025866,0.027678,0.029404,0.030998,0.032415,0.033611,0.034545,0.035186,0.035511,0.035508,0.035177,0.034529,0.033590,0.032390,0.030969,0.029372,0.027644,0.025830,0.023972,0.022110,0.020273,0.018491,0.016785,0.015168,0.013653,0.012246,0.010948,0.009759,0.008679,0.007699,0.006816,0.006024,0.005316,0.004685,0.004122,0.003624,0.003183,0.002794,0.002449,0.002147,0.001880,0.001646,0.001441,0.001260,0.001101,0.000963,0.000842,0.000736,0.000642"
    model_hybA="0.000,0.000,0.575,5.741,21.516,55.712,116.899,214.015,356.223,552.720,812.489,1143.988,1554.789,2051.150,2637.553,3316.217,4086.614,4945.029,5884.206,6893.117,7956.908,9057.051,10171.712,11276.348,12344.490,13348.671,14261.435,15056.342,15708.893,16197.315,16503.144,16611.603,16511.736,16197.967,15683.489,14993.074,14154.316,13197.065,12152.937,11054.853,9936.614,8832.537,7777.150,6804.874,5937.050,5167.146,4485.493,3883.052,3351.460,2883.038,2470.788,2108.366,1790.051,1510.711,1265.752,1051.080,863.058,698.457,554.424,428.434,318.266,221.958,137.790,64.247,0.000"
    model_hybB="1.00000000,0.99467119,0.98862660,0.98174229,0.97386760,0.96482757,0.95443411,0.94249106,0.92879731,0.91315100,0.89535499,0.87522360,0.85259067,0.82731884,0.79930974,0.76851468,0.73494523,0.69868292,0.65988704,0.61879962,0.57574665,0.53113482,0.48544331,0.43921080,0.39301826,0.34746849,0.30316412,0.26068545,0.22057019,0.18329624,0.14926877,0.11881219,0.09216691,0.06947458,0.05064684,0.03544162,0.02355588,0.01463712,0.00829402,0.00410671,0.00163591,0.00043106,0.00003697,0.00000000,0.00000000,0.00000000,0.00000000,0.00000000,0.00000000,0.00000000,0.00000000,0.00000000,0.00000000,0.00000000,0.00000000,0.00000000,0.00000000,0.00000000,0.00000000,0.00000000,0.00000000,0.00000000,0.00000000,0.00000000,0.00000000"
  elif [ @LEVS@ = 47 ] ; then
    model_sig="1.500082e-02,1.508594e-02,1.508564e-02,1.508456e-02,1.508498e-02,1.508510e-02,1.508379e-02,1.508337e-02,1.508319e-02,1.508313e-02,1.508266e-02,1.508194e-02,2.010751e-02,2.513492e-02,2.513415e-02,2.512866e-02,2.512807e-02,2.512753e-02,3.768623e-02,3.767496e-02,3.767496e-02,3.765744e-02,3.765050e-02,3.763327e-02,3.761664e-02,3.758702e-02,3.756738e-02,4.942355e-02,4.311040e-02,3.651844e-02,3.090505e-02,2.619024e-02,2.226128e-02,1.892345e-02,1.608432e-02,1.367240e-02,2.183529e-02,1.600065e-02,1.165331e-02,8.464145e-03,1.036147e-02,5.148209e-03,2.394083e-03,1.020500e-03,4.001323e-04,1.434497e-04,5.526826e-05"
    model_hybA="0.000000e+00,4.804826e+00,6.593752e+02,1.313480e+03,1.961311e+03,2.609201e+03,3.257081e+03,3.898201e+03,4.533901e+03,5.169611e+03,5.805321e+03,6.436264e+03,7.062198e+03,7.883422e+03,8.909992e+03,9.936521e+03,1.091817e+04,1.189586e+04,1.286959e+04,1.429100e+04,1.562600e+04,1.696090e+04,1.816190e+04,1.930970e+04,2.032590e+04,2.121500e+04,2.187760e+04,2.238980e+04,2.243630e+04,2.168650e+04,2.011920e+04,1.769300e+04,1.503930e+04,1.278370e+04,1.086630e+04,9.236572e+03,7.851230e+03,5.638791e+03,4.017541e+03,2.836781e+03,1.979160e+03,9.292942e+02,4.076571e+02,1.650790e+02,6.167791e+01,2.113490e+01,6.600001e+00,1.000000e+00"
    model_hybB="1.000000e+00,9.849520e-01,9.634060e-01,9.418650e-01,9.203870e-01,8.989080e-01,8.774290e-01,8.560180e-01,8.346609e-01,8.133039e-01,7.919469e-01,7.706375e-01,7.493782e-01,7.211660e-01,6.858999e-01,6.506349e-01,6.158184e-01,5.810415e-01,5.463042e-01,4.945902e-01,4.437402e-01,3.928911e-01,3.433811e-01,2.944031e-01,2.467411e-01,2.003501e-01,1.562241e-01,1.136021e-01,6.372006e-02,2.801004e-02,6.960025e-03,8.175413e-09,0.000000e+00,0.000000e+00,0.000000e+00,0.000000e+00,0.000000e+00,0.000000e+00,0.000000e+00,0.000000e+00,0.000000e+00,0.000000e+00,0.000000e+00,0.000000e+00,0.000000e+00,0.000000e+00,0.000000e+00,0.000000e+00"
  fi
fi

if [ @POST_LAYER@ = 12 ] ; then
  post_level="1000.,925.,850.,700.,600.,500.,400.,300.,250.,200.,150.,100."
elif [ @POST_LAYER@ = 17 ] ; then
  post_level="1000.,925.,850.,700.,600.,500.,400.,300.,250.,200.,150.,100.,70.,50.,30.,20.,10." 
elif [ @POST_LAYER@ = 21 ] ; then
  post_level="1000.,925.,850.,700.,600.,500.,400.,300.,250.,200.,150.,100.,70.,50.,30.,20.,10.,7.,5.,3.,1." 
elif [ @POST_LAYER@ = 26 ] ; then
  post_level="1000.,975.,950.,925.,900.,850.,800.,750.,700.,650.,600.,550.,500.,450.,400.,350.,300.,250.,200.,150.,100.,70.,50.,30.,20.,10."
elif [ @POST_LAYER@ = 30 ] ; then
  post_level="1000.,975.,950.,925.,900.,850.,800.,750.,700.,650.,600.,550.,500.,450.,400.,350.,300.,250.,200.,150.,100.,70.,50.,30.,20.,10.,7.,5.,3.,1."
elif [ @POST_LAYER@ = 18 ] ; then
  post_level="965.,915.,865.,815.,765.,715.,665.,615.,565.,515.,465.,415.,365.,315.,265.,215.,165.,115." 
elif [ @POST_LAYER@ = 37 ] ; then
  post_level="1000.,975.,950.,925.,900.,875.,850.,825.,800.,775.,750.,725.,700.,675.,650.,625.,600.,575.,550.,525.,500.,475.,450.,425.,400.,375.,350.,325.,300.,275.,250.,225.,200.,175.,150.,125.,100." 
elif [ @POST_LAYER@ = 38 ] ; then
  post_level="965.,940.,915.,890.,865.,840.,815.,790.,765.,740.,715.,690.,665.,640.,615.,590.,565.,540.,515.,490.,465.,440.,415.,390.,365.,340.,315.,290.,265.,240.,215.,190.,165.,140.,115.,90.,65.,40." 
elif [ @POST_LAYER@ = 40 ] ; then
  post_level="1000.,975.,950.,925.,900.,875.,850.,825.,800.,775.,750.,725.,700.,675.,650.,625.,600.,575.,550.,525.,500.,475.,450.,425.,400.,375.,350.,325.,300.,275.,250.,225.,200.,175.,150.,125.,100.,75.,50.,25." 
fi
#
cat > $namfile << EOF
&paralist
  ncpus_ = @NCPUS@,
  jcap_  = @JCAP@,
  levs_  = @LEVS@,
  ilonf_ = @ILONF@,
  ilatg_ = @ILATG@,
  ijcap_ = @IJCAP@,
  ilevs_ = @ILEVS@,
  io_    = @POST_IGRD@,
  jo_    = @POST_JGRD@,
  ko_    = @POST_LAYER@,
EOF
if [ @MODEL@ = rmp -o  @MODEL@ = rop -o @MODEL@ = rcm ] ; then
echo "  irelx_ = @IRELX@,"        >> $namfile
echo "  igrd_  = @IGRD@,"         >> $namfile
echo "  jgrd_  = @JGRD@,"         >> $namfile
if [ @CIGRD1@ != 1 -a @CJGRD1@ != 1 ] ; then
echo "  cigrd1_  = @CIGRD1@,"     >> $namfile
echo "  cjgrd1_  = @CJGRD1@,"     >> $namfile
fi
fi
if [ @MARCH@ = mpi -o @MARCH@ = hybrid ] ; then
if [ @MODEL@ = rop ] ; then
echo "  npes_  = @RMP_NPES@,"     >> $namfile
else
echo "  npes_  = @NPES@,"         >> $namfile
fi
echo "  ncol_  = @NCOL@,"         >> $namfile
fi
echo "/"                          >> $namfile

cat >> $namfile << EOF

&modlsig
  delmdl = $model_sig,
/

&postpres
  po = $post_level,
/
EOF

if [ @MODEL@ = sph -o \
     @MODEL@ = dfs -o \
     @MODEL@ = chm -o \
     @MODEL@ = gsi -o \
     @MODEL@ = mul ] ; then
cat >> $namfile << EOF

&modlhyb
  akmdl = $model_hybA,
  bkmdl = $model_hybB,
/
EOF
fi
